00
00
16
3b
00
00
00
00
00
00
48
0d
0a
24
20
20
20
20
30
30
39
37
33
58
10
10
00
00
16
3b
00
00
00
00
00
00
48
0d
0a
24
20
20
20
20
30
30
39
37
33
58
10
10
00
00
16
3b
00
00
00
00
00
00
48
0d
0a
24
20
20
20
20
30
30
39
37
33
58
10
10
00
00
16
3b
00
00
00
00
00
00
48
0d
0a
24
20
20
20
20
30
30
39
37
33
58
10
10
00
00
16
3b
00
00
00
00
00
00
48
0d
0a
24
20
20
20
20
30
30
39
37
33
58
10
10
00
00
16
3b
00
00
00
00
00
00
48
0d
0a
24
20
20
20
20
30
30
39
37
33
58
10
10
00
00
16
3b
00
00
00
00
00
00
48
0d
0a
24
20
20
20
20
30
30
39
37
33
58
10
10
00
00
16
3b
00
00
00
00
00
00
48
0d
0a
24
20
20
20
20
