24
20
20
20
20
30
31
35
39
33
78
01
00
00
02
14
3b
0f
00
00
00
00
58
3d
0d
0a
24
20
20
20
20
30
31
35
39
33
78
01
00
00
02
14
3b
0f
00
00
00
00
58
3d
0d
0a
24
20
20
20
20
30
31
35
39
33
78
01
00
00
02
14
3b
0f
00
00
00
00
58
3d
0d
0a
24
20
20
20
20
30
31
35
39
33
78
01
00
00
02
14
3b
0f
00
00
00
00
58
3d
0d
0a
24
20
20
20
20
30
31
35
39
33
78
01
00
00
02
14
3b
0f
00
00
00
00
58
3d
0d
0a
24
20
20
20
20
30
31
35
39
33
78
01
00
00
02
14
3b
0f
00
00
00
00
58
3d
0d
0a
24
20
20
20
20
30
31
36
30
33
78
01
00
00
02
14
3b
0f
00
00
00
00
58
37
0d
0a
24
20
20
20
20
30
31
36
30
33
78
01
00
00
02
14
3b
0f
