24
20
20
20
20
20
33
33
37
31
d8
80
00
00
00
16
3b
7f
00
00
00
00
58
74
0d
0a
24
20
20
20
20
20
33
33
37
31
d8
80
00
00
00
16
3b
7f
00
00
00
00
58
74
0d
0a
24
20
20
20
20
20
33
33
37
31
d8
80
00
00
00
16
3b
7f
00
00
00
00
58
74
0d
0a
24
20
20
20
20
20
33
33
37
31
d8
80
00
00
00
16
3b
7f
00
00
00
00
58
74
0d
0a
24
20
20
20
20
20
33
33
37
31
d8
80
00
00
00
16
3b
7f
00
00
00
00
58
74
0d
0a
24
20
20
20
20
20
33
33
37
31
d8
80
00
00
00
16
3b
7f
00
00
00
00
58
74
0d
0a
24
20
20
20
20
20
33
33
37
31
d8
80
00
00
00
16
3b
7f
00
00
00
00
58
74
0d
0a
24
20
20
20
20
20
33
33
37
31
d8
80
00
00
00
16
3b
7f
