ff
ff
ff
01
00
58
10
0d
0a
24
20
20
20
20
31
32
30
30
31
e8
01
00
40
00
16
3b
ff
ff
ff
01
00
58
10
0d
0a
24
20
20
20
20
31
32
30
30
31
e8
01
00
40
00
16
3b
ff
ff
ff
01
00
58
10
0d
0a
24
20
20
20
20
31
32
30
30
31
e8
01
00
40
00
16
3b
ff
ff
ff
01
00
58
10
0d
0a
24
20
20
20
20
31
32
30
30
31
e8
01
00
40
00
16
3b
ff
ff
ff
01
00
58
10
0d
0a
24
20
20
20
20
31
32
30
30
31
e8
01
00
40
00
16
3b
ff
ff
ff
01
00
58
10
0d
0a
24
20
20
20
20
31
32
30
30
31
e8
01
00
40
00
16
3b
ff
ff
ff
01
00
58
10
0d
0a
24
20
20
20
20
31
32
30
30
31
e8
01
00
40
00
16
3b
ff
ff
ff
01
00
58
10
0d
0a
24
20
20
20
20
31
32
30
30
