24
20
20
2d
20
30
30
33
30
33
c8
02
00
80
00
16
3b
03
00
00
00
00
38
61
0d
0a
24
20
20
2d
20
30
30
33
30
33
c8
02
00
80
00
16
3b
03
00
00
00
00
38
61
0d
0a
24
20
20
2d
20
30
30
33
30
33
c8
02
00
80
00
16
3b
03
00
00
00
00
38
61
0d
0a
24
20
20
2d
20
30
30
33
30
33
c8
02
00
80
00
16
3b
03
00
00
00
00
38
61
0d
0a
24
20
20
2d
20
30
30
33
30
33
c8
02
00
80
00
16
3b
03
00
00
00
00
38
61
0d
0a
24
20
20
2d
20
30
30
33
30
33
c8
02
00
80
00
16
3b
03
00
00
00
00
38
61
0d
0a
24
20
20
2d
20
30
30
33
30
33
c8
02
00
80
00
16
3b
03
00
00
00
00
38
61
0d
0a
24
20
20
2d
20
30
30
33
30
33
c8
02
00
80
00
16
3b
03
