24
20
20
2d
20
32
38
32
30
32
98
02
20
80
00
16
3b
ff
ff
03
00
00
32
11
0d
0a
24
20
20
2d
20
32
38
32
30
32
98
02
20
80
00
16
3b
ff
ff
03
00
00
32
11
0d
0a
24
20
20
2d
20
32
38
32
30
32
98
02
20
80
00
16
3b
ff
ff
03
00
00
32
11
0d
0a
24
20
20
2d
20
32
38
32
30
32
98
02
20
80
00
16
3b
ff
ff
03
00
00
32
11
0d
0a
24
20
20
2d
20
32
38
32
30
32
98
02
20
80
00
16
3b
ff
ff
03
00
00
32
11
0d
0a
24
20
20
2d
20
32
38
32
30
32
98
02
20
80
00
16
3b
ff
ff
03
00
00
32
11
0d
0a
24
20
20
2d
20
32
38
32
30
32
98
02
20
80
00
16
3b
ff
ff
03
00
00
32
11
0d
0a
24
20
20
2d
20
32
38
32
30
32
98
02
20
80
00
16
3b
ff
