24
20
20
20
31
30
30
32
35
31
d0
08
00
00
00
16
3b
ff
ff
1f
00
00
18
d5
0d
0a
24
20
20
20
31
30
30
32
35
31
d0
08
00
00
00
16
3b
ff
ff
1f
00
00
18
d5
0d
0a
24
20
20
20
31
30
30
32
35
31
d0
08
00
00
00
16
3b
ff
ff
1f
00
00
18
d5
0d
0a
24
20
20
20
31
30
30
32
35
31
d0
08
00
00
00
16
3b
ff
ff
1f
00
00
18
d5
0d
0a
24
20
20
20
31
30
30
32
35
31
d0
08
00
00
00
16
3b
ff
ff
1f
00
00
18
d5
0d
0a
24
20
20
20
31
30
30
32
35
31
d0
08
00
00
00
16
3b
ff
ff
1f
00
00
18
d5
0d
0a
24
20
20
20
31
30
30
32
35
31
d0
08
00
00
00
16
3b
ff
ff
1f
00
00
18
d5
0d
0a
24
20
20
20
31
30
30
32
35
31
d0
08
00
00
00
16
3b
ff
