24
20
20
20
20
20
32
30
35
31
b8
01
20
80
00
14
3b
1f
00
00
00
00
58
57
0d
0a
24
20
20
20
20
20
32
30
35
31
b8
01
20
80
00
14
3b
1f
00
00
00
00
58
57
0d
0a
24
20
20
20
20
20
32
30
35
31
b8
01
20
80
00
14
3b
1f
00
00
00
00
58
57
0d
0a
24
20
20
20
20
20
32
30
35
31
b8
01
20
80
00
14
3b
1f
00
00
00
00
58
57
0d
0a
24
20
20
20
20
20
32
30
35
31
b8
01
20
80
00
14
3b
1f
00
00
00
00
58
57
0d
0a
24
20
20
20
20
20
32
30
35
31
b8
01
20
80
00
14
3b
1f
00
00
00
00
58
57
0d
0a
24
20
20
20
20
20
32
30
35
31
b8
01
20
80
00
14
3b
1f
00
00
00
00
58
57
0d
0a
24
20
20
20
20
20
32
30
35
31
b8
01
20
80
00
14
3b
1f
0a
24
20
20
20
20
20
32
30
35
31
b8
01
20
80
00
14
3b
1f
00
00
00
00
58
57
0d
0a
24
20
20
20
20
20
32
30
35
31
b8
01
20
80
00
14
3b
1f
00
00
00
00
58
57
0d
0a
24
20
20
20
20
20
32
30
35
31
b8
01
20
80
00
14
3b
1f
00
00
00
00
58
57
0d
0a
24
20
20
20
20
20
32
30
35
31
b8
01
20
80
00
14
3b
1f
00
00
00
00
58
57
0d
0a
24
20
20
20
20
20
32
30
35
31
b8
01
20
80
00
14
3b
1f
00
00
00
00
58
57
0d
0a
24
20
20
20
20
20
32
30
35
31
b8
01
20
80
00
14
3b
1f
00
00
00
00
58
57
0d
0a
24
20
20
20
20
20
32
30
35
31
b8
01
20
80
00
14
3b
1f
00
00
00
00
58
57
0d
0a
24
20
20
20
20
20
32
30
35
31
b8
01
20
80
00
14
3b
