20
20
38
37
36
32
e8
01
00
80
90
14
3b
ff
ff
07
00
00
58
a2
0d
0a
24
20
20
20
20
20
38
37
36
32
e8
01
00
80
90
14
3b
ff
ff
07
00
00
58
a2
0d
0a
24
20
20
20
20
20
38
37
36
32
e8
01
00
80
90
14
3b
ff
ff
07
00
00
58
a2
0d
0a
24
20
20
20
20
20
38
37
36
32
e8
01
00
80
90
14
3b
ff
ff
07
00
00
58
a2
0d
0a
24
20
20
20
20
20
38
37
36
32
e8
01
00
80
90
14
3b
ff
ff
07
00
00
58
a2
0d
0a
24
20
20
20
20
20
38
37
36
32
e8
01
00
80
90
14
3b
ff
ff
07
00
00
58
a2
0d
0a
24
20
20
20
20
20
38
37
36
32
e8
01
00
80
90
14
3b
ff
ff
07
00
00
58
a2
0d
0a
24
20
20
20
20
20
38
37
36
32
e8
01
00
80
90
14
3b
ff
ff
07
00
00
