24
20
20
20
20
20
39
33
33
31
38
04
00
00
00
16
3b
ff
ff
0f
00
00
58
6e
0d
0a
24
20
20
20
20
20
39
33
33
31
38
04
00
00
00
16
3b
ff
ff
0f
00
00
58
6e
0d
0a
24
20
20
20
20
20
39
33
33
31
38
04
00
00
00
16
3b
ff
ff
0f
00
00
58
6e
0d
0a
24
20
20
20
20
20
39
33
33
31
38
04
00
00
00
16
3b
ff
ff
0f
00
00
58
6e
0d
0a
24
20
20
20
20
20
39
33
33
31
38
04
00
00
00
16
3b
ff
ff
0f
00
00
58
6e
0d
0a
24
20
20
20
20
20
39
33
33
31
38
04
00
00
00
16
3b
ff
ff
0f
00
00
58
6e
0d
0a
24
20
20
20
20
20
39
33
33
31
38
04
00
00
00
16
3b
ff
ff
0f
00
00
58
6e
0d
0a
24
20
20
20
20
20
39
33
33
31
38
04
00
00
00
16
3b
ff
