24
20
20
20
20
30
30
30
31
33
e8
01
00
80
00
16
3b
01
00
00
00
00
58
2f
0d
0a
24
20
20
20
20
30
30
30
31
33
e8
01
00
80
00
16
3b
01
00
00
00
00
58
2f
0d
0a
24
20
20
20
20
30
30
30
31
33
e8
01
00
80
00
16
3b
01
00
00
00
00
58
2f
0d
0a
24
20
20
20
20
30
30
30
31
33
e8
01
00
80
00
16
3b
01
00
00
00
00
58
2f
0d
0a
24
20
20
20
20
30
30
30
31
33
e8
01
00
80
00
16
3b
01
00
00
00
00
58
2f
0d
0a
24
20
20
20
20
30
30
30
31
33
e8
01
00
80
00
16
3b
01
00
00
00
00
58
2f
0d
0a
24
20
20
20
20
30
30
30
31
33
e8
01
00
80
00
16
3b
01
00
00
00
00
58
2f
0d
0a
24
20
20
20
20
30
30
30
31
33
e8
01
00
80
00
16
3b
01
24
20
20
20
20
20
39
30
37
32
e8
01
00
80
c0
14
3b
ff
ff
07
00
00
58
f5
0d
0a
24
20
20
20
20
20
39
30
37
32
e8
01
00
80
c0
14
3b
ff
ff
07
00
00
58
f5
0d
0a
24
20
20
20
20
20
39
30
37
32
e8
01
00
80
c0
14
3b
ff
ff
07
00
00
58
f5
0d
0a
24
20
20
20
20
20
39
30
37
32
e8
01
00
80
c0
14
3b
ff
ff
07
00
00
58
f5
0d
0a
24
20
20
20
20
20
39
30
37
32
e8
01
00
80
c0
14
3b
ff
ff
07
00
00
58
f5
0d
0a
24
20
20
20
20
20
39
30
37
32
e8
01
00
80
c0
14
3b
ff
ff
07
00
00
58
f5
0d
0a
24
20
20
20
20
20
39
30
37
32
e8
01
00
80
c0
14
3b
ff
ff
07
00
00
58
f5
0d
0a
24
20
20
20
20
20
39
30
37
32
e8
01
00
80
c0
14
3b
ff
